104.206532317 194.022392805 108.474081361 92.9835349507 -0.948191046715
322.153740302 65.9233204955 58.28584215 52.651985999 -1.69965875149
801.315185093 80.9111938525 74.744141532 73.6206554413 -2.67571496964
206.642358625 170.444499352 72.0013545265 67.8527907552 -8.89691543579
50.4529229035 347.674260671 121.508918597 121.883139228 -12.6132936478
642.4787717 261.147456015 164.295874568 168.278192691 -16.1055431366
772.789438471 77.8346767366 51.5201220823 50.2033997811 -21.494890213
327.422104568 161.122675932 86.1160569776 95.1239060258 -25.3999977112
171.128545847 177.797898537 80.8278082086 65.9612279872 -49.1267547607
695.015323992 -6.82009186865 22.5537026009 29.8796099714 -71.0562591553
687.004706506 179.187509229 156.91307234 140.17340397 -72.3476791382
862.490930471 72.1686935799 54.9253656205 47.4887927758 -80.022354126
796.179347111 -2.66812197547 19.2034395661 32.3589225622 -81.1405029297
428.974033351 -12.4076895867 40.571403513 46.5355555964 -86.3993225098
709.884583882 -11.7814097524 26.511593955 39.0569247311 -95.3396530151
