139.821868896 108.743621826 1.64121937752 217.268280029 158.443572998
82.2305221558 60.6862258911 1.85299324989 79.0863189697 351.296661377
110.631416321 74.8798065186 1.51059138775 99.3163604736 838.687255859
101.813934326 72.0259399414 1.59692525864 187.407699585 242.643035889
182.964920044 121.602111816 1.53164339066 378.145050049 111.207382202
252.505950928 164.353591919 1.59729909897 303.217010498 724.626708984
75.6781234741 51.7753295898 1.6701259613 90.3855285645 798.549499512
143.956176758 86.8827438354 1.43784976006 184.903656006 370.480133057
98.982635498 80.8611373901 1.54208374023 194.288208008 211.542449951
44.9734687805 22.6312255859 1.48800206184 0.64981174469 706.292175293
219.983093262 164.169158936 1.27237272263 214.230865479 765.461242676
71.6424865723 55.2409629822 1.46385192871 84.0408935547 889.953613281
49.37550354 19.5346336365 1.3863928318 5.42160987854 805.781066895
69.9020996094 40.6288108826 1.51763045788 -0.773798942566 449.259735107
60.0054283142 27.1542053223 1.35280919075 -2.01717710495 723.140380859
