139.821868896 108.743621826 1.64121937752 217.268280029 158.443572998 0.454096
121.447860718 87.1512680054 1.57785832882 217.257965088 163.018341064 0.395118
124.395431519 90.6013793945 1.64152932167 216.934738159 161.082000732 0.471823
82.2305221558 60.6862258911 1.85299324989 79.0863189697 351.296661377 0.579812
78.9103012085 60.3770523071 1.62922883034 81.6623306274 349.697021484 0.485012
119.328598022 87.1545181274 1.6559664011 223.358032227 159.267684937 0.364349
96.252281189 72.5391769409 1.63196587563 77.588180542 352.832763672 0.402781
124.858161926 102.494293213 1.61146688461 214.971633911 159.31652832 0.482461
85.8033981323 55.1749954224 1.62326598167 78.9400558472 347.867126465 0.454793
128.602783203 91.6943588257 1.80429244041 217.133163452 155.978302002 0.435552
79.8160400391 62.1771469116 1.52758598328 79.9217376709 353.382324219 0.327838
110.631416321 74.8798065186 1.51059138775 99.3163604736 838.687255859 0.539873
108.788711548 84.1472549438 1.61615514755 99.0322799683 832.468261719 0.472053
94.6330108643 70.4078216553 1.52566373348 77.7517852783 350.90222168 0.433253
145.246124268 98.0509796143 1.37329483032 211.600753784 157.596725464 0.425133
126.52192688 81.8976211548 1.44511580467 93.2733001709 836.949768066 0.339796
78.1659698486 55.0731582642 1.46788311005 84.5129623413 351.061187744 0.352742
117.492538452 85.1426849365 1.49987375736 94.9953994751 838.747009277 0.449121
125.928230286 82.4960174561 1.82020878792 219.303924561 162.022216797 0.51776
105.14881134 85.4517593384 1.57500839233 97.4270172119 831.947509766 0.376789
72.4428024292 50.8120956421 1.45575428009 81.3364868164 352.588287354 0.39701
88.5702133179 66.8018035889 1.4895336628 80.045791626 349.483154297 0.468753
101.233001709 70.5101013184 1.49639594555 97.4088516235 834.728515625 0.357693
126.831451416 84.6643371582 1.54168748856 93.7945404053 835.027526855 0.394025
75.3705673218 61.5110397339 1.71114611626 81.8684082031 352.376739502 0.323954
125.89604187 79.9094009399 1.81910049915 214.147827148 162.726486206 0.584926
122.184066772 86.3254928589 1.50491178036 90.910446167 824.422302246 0.405306
125.977745056 93.5560150146 1.50471556187 213.819503784 161.565032959 0.428595
93.937171936 66.6364059448 1.60080957413 81.4999008179 353.454193115 0.621689
93.7108612061 66.1773300171 1.55694854259 77.697593689 349.162231445 0.382087
81.6916275024 57.9535293579 1.51528859138 81.3902130127 346.949829102 0.369951
136.175445557 87.0698699951 1.43572807312 90.9622497559 836.236633301 0.446498
95.1066970825 50.1380271912 1.66798639297 79.2440414429 347.982513428 0.385552
125.061233521 85.6701889038 1.50769007206 96.8059463501 836.199768066 0.406568
124.378417969 94.7133255005 1.4878513813 219.017608643 161.903640747 0.327238
85.1683731079 75.0421829224 1.51331984997 79.6679611206 348.580780029 0.466752
99.2846908569 81.2248458862 1.66250705719 98.6312179565 836.801696777 0.417452
85.9886550903 61.7501449585 1.66106259823 77.9529037476 346.867156982 0.508115
127.774551392 88.6287002563 1.73993766308 219.963378906 163.181396484 0.380971
77.3821029663 59.5001411438 1.62802267075 79.9314498901 348.631469727 0.359758
124.0623703 85.5451583862 1.54859519005 101.410995483 834.658935547 0.486794
104.959823608 76.8292541504 1.51927578449 97.0194625854 837.607421875 0.372669
128.858657837 86.7512054443 1.4671984911 94.5620193481 835.305603027 0.445751
97.1622009277 51.4038047791 1.57469189167 79.4387512207 351.86618042 0.360244
114.707717896 91.3632888794 1.62510967255 97.0977630615 833.208679199 0.312455
153.842712402 95.8807220459 1.61136078835 209.178344727 156.92276001 0.451344
132.163894653 88.0451049805 1.73739826679 215.75642395 161.063095093 0.536087
126.241668701 81.343170166 1.51702666283 219.007339478 162.973907471 0.372045
115.531257629 83.0803756714 1.41283023357 95.8135375977 830.128295898 0.325304
134.366378784 90.3114471436 1.4897544384 216.225494385 158.234634399 0.411464
94.0302734375 68.7171096802 1.73998022079 78.2111053467 351.025512695 0.424868
112.008872986 76.7607345581 1.60427260399 95.2282562256 828.161193848 0.48394
101.813934326 72.0259399414 1.59692525864 187.407699585 242.643035889 0.39597
135.775085449 94.6849746704 1.47029924393 93.8816833496 825.946472168 0.347926
91.9476776123 55.3990058899 1.50466370583 78.3211669922 350.317260742 0.4655
85.8615264893 63.935798645 1.52839875221 81.7791213989 345.207672119 0.357265
90.0946426392 68.5597000122 1.42071938515 80.2229232788 344.183959961 0.355113
98.7689361572 84.8801879883 1.45792222023 96.5192718506 840.002075195 0.310442
122.14263916 82.5343170166 1.50119709969 179.574295044 240.34552002 0.439678
139.23651123 110.256324768 1.86286306381 217.922698975 152.261611938 0.226512
118.14692688 85.475112915 1.57951593399 219.76461792 156.758911133 0.411628
123.540962219 76.8717727661 1.50085926056 219.165649414 156.717254639 0.33894
90.6537780762 69.643699646 1.53208899498 80.3870162964 347.936584473 0.476413
113.700126648 76.4406585693 1.48101377487 181.612808228 238.076583862 0.357216
122.101470947 83.7105789185 1.51024508476 176.602264404 238.95880127 0.402519
124.367729187 87.2436981201 1.46746766567 91.7512207031 829.139282227 0.325335
142.700805664 92.0825805664 1.48916316032 217.289352417 164.858184814 0.334036
127.225563049 91.1488952637 1.62399184704 183.682693481 235.813598633 0.448772
122.924423218 80.4493560791 1.57151031494 90.0594177246 827.126708984 0.363999
105.168449402 78.334312439 1.49772119522 181.492401123 239.648147583 0.383599
114.865455627 74.582244873 1.55845105648 178.191268921 242.118804932 0.515761
132.733230591 107.543785095 1.58369684219 215.314193726 161.214096069 0.399957
182.964920044 121.602111816 1.53164339066 378.145050049 111.207382202 0.250928
131.038162231 90.2762374878 1.573959589 95.5245285034 823.729370117 0.323937
103.407875061 58.7175292969 1.53087615967 74.3788833618 348.907318115 0.355648
92.2007141113 48.7106781006 1.61055612564 79.447883606 350.438568115 0.372802
112.948753357 82.1740875244 1.43553113937 185.13609314 231.79486084 0.272904
95.7188491821 50.3460273743 1.53185117245 77.3759689331 348.983306885 0.426335
122.524490356 96.3908538818 1.51466429234 215.264434814 167.220001221 0.300152
109.782020569 93.7295074463 1.56077599525 98.6837463379 837.022399902 0.287231
106.530448914 75.0528564453 1.53642094135 183.232452393 239.331756592 0.276516
93.1164093018 57.3957290649 1.42436671257 78.94556427 352.69140625 0.446274
183.928573608 145.975723267 1.53500139713 376.459869385 97.8006744385 0.408241
102.824790955 82.4194946289 1.61615967751 181.305435181 235.262817383 0.311238
83.8571243286 64.2774810791 1.68979406357 83.0819778442 347.090606689 0.507907
103.983863831 75.8991088867 1.51336526871 185.989746094 233.189926147 0.28681
131.078323364 93.007850647 1.67397475243 220.528594971 154.232955933 0.44022
175.16305542 115.558898926 1.45948648453 365.185333252 111.615859985 0.28331
252.505950928 164.353591919 1.59729909897 303.217010498 724.626708984 0.297676
203.489776611 138.192596436 1.51848852634 369.705474854 104.745315552 0.306029
201.163909912 118.42829895 1.46404135227 372.006469727 105.754165649 0.331462
103.216018677 88.9852218628 1.70510113239 97.0417327881 834.385375977 0.271398
212.995269775 145.736053467 1.65435051918 317.582183838 716.037414551 0.1878
143.15222168 90.0654067993 1.73187625408 215.642715454 156.722610474 0.462797
101.875328064 77.184463501 1.53165030479 95.7783660889 825.153442383 0.290536
113.059013367 74.4886322021 1.52507066727 186.186401367 234.205734253 0.292284
119.494621277 93.5404891968 1.79442954063 217.376495361 160.935073853 0.25852
263.624420166 161.710784912 1.65241527557 299.311920166 719.541137695 0.218521
186.709289551 120.270500183 1.45215928555 367.000610352 111.762985229 0.205015
251.297683716 148.278045654 1.39211368561 295.302581787 734.802124023 0.179918
181.96244812 146.322692871 1.41106951237 380.552185059 108.087791443 0.254631
203.095565796 137.912139893 1.42761588097 371.044250488 92.2133865356 0.441018
212.750640869 177.364242554 1.54187762737 306.954315186 732.312683105 0.276081
145.666290283 98.3079605103 1.50504040718 89.9306182861 818.081359863 0.343691
235.610214233 169.394958496 1.61269283295 314.027557373 721.895141602 0.22704
137.166641235 97.0035476685 1.57035255432 96.0623703003 834.701599121 0.199026
227.898696899 123.164260864 1.37877345085 365.453613281 99.5726089478 0.351158
89.6229782104 69.9476013184 1.54800021648 188.922988892 230.156280518 0.325431
226.188980103 135.246704102 1.47511279583 290.938842773 729.801025391 0.192336
231.84185791 142.670974731 1.49353325367 312.481933594 721.393188477 0.356403
209.115814209 140.301315308 1.66746616364 319.203308105 717.701904297 0.403086
110.33795166 83.5878601074 1.7392847538 188.436447144 238.105895996 0.270001
97.7070846558 85.5299301147 1.61454176903 96.401184082 833.417358398 0.231365
103.639816284 80.899772644 1.45220589638 100.121520996 837.102539062 0.218306
130.897369385 112.012939453 1.75931024551 214.917922974 158.955780029 0.394768
182.199401855 149.059127808 1.35111474991 375.784851074 102.655677795 0.271908
131.611663818 103.003219604 1.75990712643 215.272735596 162.959014893 0.245661
75.6781234741 51.7753295898 1.6701259613 90.3855285645 798.549499512 0.362169
174.05909729 114.401504517 1.57848107815 375.986572266 112.070236206 0.257931
75.8190917969 54.2423400879 1.5670144558 84.90965271 796.86328125 0.295251
122.808120728 83.5273132324 1.63067185879 89.956489563 823.719299316 0.355455
118.552307129 92.9025802612 1.60933852196 191.928024292 218.478530884 0.192843
187.465942383 141.625259399 1.59822118282 371.534057617 109.494842529 0.18801
90.4798431396 63.7789649963 1.53452754021 92.7643737793 804.687561035 0.359744
122.973876953 92.2036132812 1.56200742722 87.9347915649 830.060241699 0.196615
114.322273254 87.4986419678 1.51238012314 93.4350128174 826.23638916 0.26728
100.836700439 74.5742492676 1.53350996971 88.2696228027 807.213623047 0.214734
257.336395264 206.566238403 1.66354131699 301.987182617 748.107666016 0.3334
93.3338394165 53.4918861389 1.5902248621 82.8283004761 787.958984375 0.238812
87.1204681396 62.8525428772 1.49803459644 84.531288147 800.010192871 0.217122
90.0356445312 82.5014038086 1.55993723869 86.8403167725 811.379577637 0.217302
246.436157227 144.6902771 1.37675476074 312.370391846 745.20135498 0.285652
205.089706421 135.440139771 1.50167822838 295.498016357 728.872497559 0.214007
110.496444702 81.1337432861 1.79030847549 95.6372451782 830.440917969 0.208482
86.0066146851 68.5112915039 1.53397870064 84.8410110474 341.861572266 0.289852
99.9199905396 74.743309021 1.5530629158 90.1071014404 807.944641113 0.317523
187.371459961 148.714294434 1.51899683475 368.835021973 101.61555481 0.282105
197.031204224 175.031509399 1.61195063591 325.449890137 740.661376953 0.19173
240.243148804 160.745651245 1.53218269348 311.617034912 712.754455566 0.251213
90.8064727783 57.5332183838 1.73106622696 77.9699172974 355.377441406 0.36013
107.116447449 79.2451019287 1.38742613792 85.8467102051 808.316040039 0.341321
182.248031616 144.527740479 1.4530390501 372.835632324 97.7457733154 0.350779
100.617530823 95.7030487061 1.6278128624 97.8551025391 830.438476562 0.186054
207.360321045 142.883346558 1.69454216957 307.712554932 730.5234375 0.228448
103.617370605 71.1953430176 1.58207702637 89.4005432129 813.921630859 0.230304
95.7529678345 88.9342346191 1.59150862694 96.53125 834.985717773 0.215082
143.956176758 86.8827438354 1.43784976006 184.903656006 370.480133057 0.164857
103.465507507 72.8062286377 1.51569604874 86.5266494751 800.040649414 0.246689
254.125488281 166.134292603 1.8255751133 305.644561768 729.629882812 0.15459
196.251754761 140.678466797 1.46964049339 369.173614502 102.589729309 0.350871
94.7201309204 69.8870010376 1.52864539623 87.6011123657 814.746887207 0.31552
101.668273926 74.9456634521 1.68897795677 183.681228638 239.864685059 0.196504
242.182174683 164.413528442 1.70134437084 296.592956543 725.854248047 0.199837
90.4945449829 69.0226516724 1.69574356079 90.4130859375 808.382385254 0.300873
234.599273682 170.947219849 1.47208297253 312.827789307 718.366943359 0.355433
90.7719039917 76.2390136719 1.53141379356 89.9166183472 814.581604004 0.216504
240.472732544 172.034637451 1.69305706024 296.987518311 712.433105469 0.10218
224.061233521 176.396957397 1.46705007553 303.590087891 733.065673828 0.183214
141.367675781 96.3005599976 1.54527676105 218.209564209 161.258255005 0.364787
116.457962036 91.4777526855 1.65418934822 97.2014007568 824.229431152 0.232517
233.640213013 165.86138916 1.51508390903 309.897674561 726.927368164 0.23319
143.289627075 84.4566421509 1.48291110992 189.910766602 372.422729492 0.109963
124.202957153 92.3882980347 1.4558365345 194.494384766 224.856933594 0.216797
146.591217041 89.991027832 1.40384721756 191.012237549 365.029388428 0.177249
103.584220886 81.5660095215 1.44324803352 95.3347473145 823.22253418 0.183346
118.437652588 99.5816192627 1.51292228699 219.357269287 172.23651123 0.189588
106.752326965 102.872390747 1.69171404839 95.3316497803 821.111083984 0.153273
151.362747192 105.402145386 1.64577412605 86.9581222534 828.115966797 0.312959
147.004043579 91.4751052856 1.51484644413 179.944152832 362.874176025 0.203837
82.780632019 69.997795105 1.62357449532 91.203918457 813.651123047 0.262552
239.165817261 138.884429932 1.59836947918 295.000274658 723.131164551 0.223252
260.717468262 167.56149292 1.60575532913 311.063476562 723.197631836 0.1371
170.86038208 121.445671082 1.57232034206 372.512786865 101.255752563 0.283827
218.647415161 155.857650757 1.69142282009 286.109893799 705.406982422 0.159023
127.193275452 67.7289962769 1.30951964855 182.187789917 368.678253174 0.160785
88.7683181763 69.2846374512 1.50977742672 188.465118408 239.099746704 0.257315
81.2924957275 74.1395721436 1.55573225021 99.3959503174 817.293884277 0.290041
248.125915527 158.025054932 1.43191576004 291.229736328 715.591369629 0.249328
247.682373047 171.098999023 1.77472543716 278.222961426 716.538757324 0.137211
92.8699264526 66.7656173706 1.57892978191 89.9704284668 805.182678223 0.355902
87.7320404053 78.3799285889 1.71926879883 94.7713851929 827.898071289 0.239943
177.656112671 120.412567139 1.73888707161 333.147705078 736.006774902 0.33763
119.963890076 75.2861251831 1.49848783016 184.971939087 369.960296631 0.209605
181.893203735 151.983963013 1.55063056946 362.385040283 114.906394958 0.373504
205.341674805 139.722961426 1.4810551405 316.948516846 734.435668945 0.332977
104.198249817 63.5588912964 1.43322014809 178.740615845 362.368804932 0.157429
205.151504517 126.857299805 1.55942463875 373.501647949 95.194984436 0.264035
132.668395996 94.9858856201 1.73905301094 215.478790283 161.803100586 0.35197
253.616882324 187.966308594 1.58692264557 315.962402344 748.094177246 0.275428
267.679290771 170.486526489 1.77203059196 284.466583252 710.520141602 0.0988781
136.781539917 83.7426300049 1.5084887743 182.60194397 366.079925537 0.215331
144.275878906 114.18547821 1.65088772774 219.358657837 166.464309692 0.165012
202.495300293 162.625137329 1.70955109596 314.356536865 748.917541504 0.16589
144.842376709 80.8637542725 1.42762231827 186.161849976 360.012786865 0.151936
240.186737061 173.752822876 1.52600777149 289.098449707 715.526550293 0.245678
236.864486694 170.187011719 1.43996620178 309.365905762 726.698120117 0.258967
97.6981201172 70.9088439941 1.53765416145 186.650299072 228.405975342 0.211741
274.518707275 194.888641357 1.59773397446 296.04119873 736.535522461 0.311652
96.9926986694 84.1121368408 1.64720618725 200.729293823 227.440200806 0.188235
221.02456665 130.004989624 1.39795184135 375.991607666 97.9364471436 0.38014
221.697540283 154.796356201 1.62549579144 298.910766602 724.930114746 0.112745
196.138122559 120.11190033 1.42351639271 366.114746094 86.6099624634 0.387237
242.547286987 166.174972534 1.43353796005 308.901397705 705.279907227 0.108407
106.18977356 60.3835716248 1.31593847275 177.877456665 372.569610596 0.161301
129.264450073 83.6485671997 1.63389241695 183.969802856 367.293457031 0.0763584
150.537948608 98.1826400757 1.57727897167 84.5395202637 812.215148926 0.311384
129.417144775 73.2259902954 1.36786437035 186.090774536 355.977722168 0.18623
291.184936523 160.994293213 1.70306396484 288.167297363 715.786254883 0.192291
241.480407715 140.989486694 1.84003055096 291.79309082 722.331298828 0.221745
249.985702515 217.839660645 1.75419580936 312.083618164 745.431274414 0.133067
231.794326782 162.59513855 1.55355644226 286.879089355 725.987487793 0.177645
137.723709106 88.6713256836 1.40300655365 182.139587402 366.335144043 0.201989
274.591339111 153.539306641 1.5932469368 287.726074219 724.147827148 0.204031
198.25340271 145.216522217 1.35512113571 371.546844482 88.4710922241 0.309443
100.848083496 85.0013275146 1.53238964081 194.623962402 225.708648682 0.227281
135.791305542 73.5439834595 1.42390823364 192.42729187 356.188964844 0.225895
109.770523071 89.7945098877 1.50330710411 219.891525269 178.291168213 0.210431
214.357177734 137.372009277 1.58627343178 298.413330078 714.214416504 0.122986
139.119644165 89.7434387207 1.56333351135 188.555404663 362.302764893 0.151115
88.7675704956 72.597114563 1.62085032463 189.577255249 229.376312256 0.254178
263.128814697 195.531387329 1.52191865444 286.948608398 742.776855469 0.146835
22.7570533752 17.8187541962 1.46654093266 1.12851715088 142.199783325 0.0629694
31.1232433319 19.9819545746 1.51647520065 4.12491798401 139.914520264 0.047994
126.955879211 67.2419281006 1.34963226318 185.465408325 367.376617432 0.15341
36.7653694153 18.7009220123 1.39644551277 2.12882709503 135.960647583 0.0590886
286.687042236 203.905914307 1.38933253288 290.055358887 727.72479248 0.201036
113.951965332 69.8019866943 1.66203022003 187.757904053 357.134490967 0.114423
35.4064865112 19.8158607483 1.69677937031 -2.80431413651 144.961303711 0.00221518
28.876663208 17.9685897827 1.66065871716 -0.59171628952 147.519058228 -0.0204146
40.1908798218 15.546169281 1.36924052238 0.207007408142 147.914489746 0.0479649
33.2252578735 12.6023807526 1.44155395031 -3.82446742058 149.934432983 0.0976378
33.1058769226 17.0166969299 1.41274285316 -0.30392074585 146.973068237 0.025452
29.9625301361 18.713722229 1.47426986694 0.851340770721 138.002105713 0.0357483
127.397171021 82.0734329224 1.60035157204 194.55380249 353.072387695 0.0977731
74.5074691772 68.4716949463 1.4715526104 193.289337158 234.816101074 0.231569
20.5556869507 9.46796035767 1.92857038975 -1.19505405426 163.771911621 -0.081142
26.3213920593 11.5035982132 1.56537246704 1.11203861237 153.66166687 0.0121076
42.844871521 13.7869405746 1.41324079037 -2.64597272873 149.005142212 0.0632229
115.864212036 98.5669403076 1.61713457108 217.18989563 173.848648071 0.174725
200.552703857 111.902336121 1.47975969315 362.959106445 100.385482788 0.262296
41.6830596924 25.9890460968 1.3578441143 2.39952135086 135.168914795 0.0269178
26.354839325 10.8280563354 1.48276257515 -0.289047718048 152.80116272 -0.00144738
86.6070022583 66.4086303711 1.71725058556 88.6389312744 797.647888184 0.31158
123.616851807 89.4652252197 1.49685907364 186.906936646 359.164611816 0.0888853
34.6271209717 20.6236495972 1.44638454914 1.78309631348 134.724334717 -0.0428086
165.183944702 93.1764755249 1.63243663311 179.362136841 351.857940674 0.0530269
217.625930786 138.734725952 1.61284255981 300.825836182 743.5546875 0.182714
45.1381187439 20.3484725952 1.48843502998 -3.45438194275 166.384475708 0.0306817
34.7016906738 22.5261859894 1.52886915207 6.59952163696 130.199615479 0.0648431
36.4697647095 21.5101127625 1.50891566277 -0.331212997437 131.264221191 0.0414895
31.124994278 20.9019374847 1.45071721077 3.3873963356 130.279281616 0.0489112
39.6815910339 16.8021469116 1.6860499382 -0.159705638885 156.782562256 -0.00879106
83.0402297974 52.2220535278 1.37400186062 174.471908569 367.741790771 0.183216
186.095245361 119.197746277 1.50742375851 87.7451553345 822.448852539 0.227581
100.401985168 95.6172409058 1.53894793987 198.837692261 225.376037598 0.19003
40.7524147034 18.246963501 1.60518491268 3.74777030945 156.206329346 -0.0381305
102.826713562 58.9917678833 1.49309325218 184.164505005 361.279693604 0.117842
35.7385406494 23.2638702393 1.4272466898 1.92506933212 128.540344238 0.00451788
190.304641724 149.845413208 1.24178612232 366.529724121 89.2146148682 0.282316
196.0625 119.360908508 1.45765781403 364.774719238 91.4913406372 0.283059
288.16885376 136.063476562 1.54475307465 287.869812012 721.467041016 0.137546
34.2546539307 21.3071861267 1.50366866589 4.89434957504 125.536514282 0.0679223
108.667457581 86.6163406372 1.62161278725 216.40045166 178.985015869 0.199983
32.0157966614 20.1904258728 1.56265473366 0.608585119247 123.600364685 0.00444022
41.8430137634 20.5775642395 1.5826240778 -0.945377349854 161.058425903 -0.00991124
283.449951172 190.336288452 1.42093884945 304.386962891 741.515319824 0.32756
18.5435237885 9.08672237396 1.61339759827 -4.78269720078 3.24988937378 0.0414164
180.556777954 119.119522095 1.55957746506 378.334533691 92.9824981689 0.271825
158.30897522 108.951812744 1.58282339573 198.376953125 365.538787842 0.10214
98.982635498 80.8611373901 1.54208374023 194.288208008 211.542449951 0.175503
45.6779327393 16.0529003143 1.52028381824 -5.08433818817 158.330093384 0.032978
137.31401062 107.27507782 1.55286538601 196.503204346 359.972900391 0.0797547
302.140319824 213.883071899 1.7849932909 297.964447021 738.950378418 0.23108
36.5057296753 15.7560825348 1.66822075844 2.30235862732 158.722579956 -0.0578592
111.478309631 95.6105575562 1.41035616398 217.295425415 183.034301758 0.160087
90.994140625 44.6677436829 1.44950151443 184.250656128 361.963745117 0.242532
154.114883423 106.49143219 1.48124408722 385.006530762 100.551422119 0.383118
264.559906006 166.653152466 1.46920466423 302.734649658 740.64050293 0.287789
197.504837036 121.351448059 1.4623901844 365.465209961 93.4846801758 0.263999
183.333908081 92.6927642822 1.43678331375 371.237731934 94.329208374 0.297289
98.8416137695 89.6546173096 1.5943377018 189.253692627 221.392379761 0.0537633
251.176986694 186.486373901 1.39806199074 313.181121826 725.747070312 0.074958
110.953269958 95.3885345459 1.58159267902 219.174468994 181.860809326 0.117025
101.762359619 93.9045639038 1.56904697418 213.329833984 185.75869751 0.0788272
99.4588775635 95.9682846069 1.67294037342 200.607879639 215.947601318 0.0754725
105.99937439 83.8954849243 1.57962191105 208.897613525 201.433944702 0.190738
103.519813538 91.7835083008 1.66125416756 214.213180542 192.837020874 0.0872594
109.073196411 95.4669799805 1.51698207855 202.278518677 191.331726074 0.061668
92.5138473511 79.4259338379 1.64550125599 205.165405273 204.651168823 0.143282
113.836990356 85.9276428223 1.52389574051 267.72833252 376.934783936 0.0168923
81.3437652588 73.1932296753 1.59532546997 202.1771698 212.600341797 0.151639
115.75982666 98.837600708 1.56358540058 208.598861694 184.26965332 0.155224
96.9492340088 91.5642852783 1.61848807335 221.475219727 191.829544067 0.0628954
108.654457092 99.652885437 1.61728775501 208.328781128 192.573669434 0.10027
141.909759521 107.032287598 1.65864992142 213.247589111 758.06652832 0.0823128
245.891967773 150.406784058 1.52950692177 297.234100342 743.678344727 0.0847328
202.406921387 125.354675293 1.37948870659 366.13269043 101.095939636 0.348706
141.659439087 114.696655273 1.76415026188 213.064117432 762.454833984 -0.00863189
114.049171448 102.951858521 1.53456628323 193.0105896 750.570983887 0.128868
94.2374420166 77.96875 1.60670232773 183.945709229 357.676727295 0.102589
175.119476318 123.968902588 1.7122335434 253.328613281 363.763153076 0.0153511
117.186981201 99.7850036621 1.82888031006 462.94909668 221.827819824 0.0540166
96.3138046265 91.1223983765 1.70861577988 269.564971924 375.407104492 -0.141508
198.986465454 129.096420288 1.65809082985 199.198577881 769.83996582 0.0472478
44.5054550171 23.0788154602 1.44336235523 5.6922826767 708.997802734 0.0623185
174.670349121 155.3409729 1.45610892773 365.244659424 105.894851685 0.230693
44.9734687805 22.6312255859 1.48800206184 0.64981174469 706.292175293 0.10054
42.9433670044 23.1608200073 1.56327962875 1.11581230164 712.558776855 0.0479103
219.983093262 164.169158936 1.27237272263 214.230865479 765.461242676 0.135849
139.929458618 89.467376709 1.79324245453 274.081237793 367.379882812 0.00253677
44.7219963074 23.8743000031 1.65046525002 6.18146896362 716.622741699 0.0324749
98.7983551025 84.7869415283 1.78233504295 280.201812744 368.671600342 -0.0353321
174.541854858 141.073242188 1.66377079487 230.186660767 755.963623047 0.0871246
53.3160095215 41.4517173767 1.37861895561 1.31716346741 325.144866943 0.082714
37.9457931519 23.3704414368 1.71763586998 6.0382270813 720.267456055 -0.0552437
191.841217041 141.73600769 1.51840078831 180.6015625 744.217102051 0.14433
63.9576721191 50.8514518738 1.76065444946 8.00287246704 319.637145996 0.0181099
169.637298584 123.72870636 1.63956677914 446.744049072 192.740905762 0.071685
56.064666748 29.2640457153 1.7281961441 2.53120994568 718.011108398 -0.0450361
64.6057510376 53.4065170288 1.64305949211 17.2729587555 328.255554199 -0.0364424
42.2704811096 41.431022644 1.81202602386 15.7139434814 319.240600586 -0.0634548
46.9069824219 18.7120857239 1.54359745979 11.0110778809 798.961364746 0.0571695
41.9387054443 18.0958309174 1.66429972649 5.83912372589 799.679077148 0.0182689
48.6807479858 19.5009078979 1.31041276455 8.52505588531 794.823730469 0.0641008
71.4022216797 51.2690467834 1.6020950079 14.8537406921 330.181610107 -0.0305418
53.5074119568 41.7779884338 1.5127171278 10.6499767303 312.174926758 0.0217987
25.1103363037 12.4293632507 1.70602321625 13.9746208191 791.986206055 -0.0755198
65.3203887939 55.4693222046 1.17159962654 87.4580154419 893.936462402 0.0375861
129.915893555 110.074386597 1.7135130167 214.044631958 770.070861816 -0.0376362
47.6680641174 21.3897457123 1.70131862164 11.846988678 802.879150391 0.0652544
65.855178833 42.2747421265 1.55994415283 3.58248996735 312.145111084 0.0289663
71.6424865723 55.2409629822 1.46385192871 84.0408935547 889.953613281 0.15286
124.893959045 92.7900009155 1.63654601574 269.627410889 375.22442627 -0.0331483
54.3603553772 46.9390182495 1.75427806377 10.2773685455 332.851623535 -0.0152632
39.4628067017 21.9905052185 1.59595441818 16.1719779968 805.519348145 0.0281677
84.0365142822 66.3218307495 1.5981580019 91.0658111572 884.606994629 0.127399
50.8972740173 28.9073543549 1.68610429764 14.211233139 814.040222168 -0.0158334
60.8521156311 20.9382762909 1.32516729832 3.8650894165 790.477294922 0.0837209
49.37550354 19.5346336365 1.3863928318 5.42160987854 805.781066895 0.130591
64.4234161377 52.21434021 1.66942882538 5.76160144806 360.69052124 0.0179462
79.8968276978 54.7902565002 1.62475419044 11.7955570221 366.046813965 -0.092624
82.9787216187 62.0099716187 1.61298179626 8.6089553833 372.38269043 0.0110117
245.02041626 119.160957336 1.50170469284 291.223571777 716.382019043 0.340223
90.2556686401 78.3357925415 1.31965339184 74.8919754028 894.497802734 0.123821
76.1897506714 59.0829162598 1.67612600327 10.929857254 360.137695312 -0.125844
127.53666687 72.9228744507 1.42667412758 264.974273682 377.271087646 0.0300676
74.0911026001 47.3383216858 1.5598949194 11.9033355713 348.86907959 0.0332931
64.063835144 44.861530304 1.52355968952 3.88086032867 302.023712158 -0.0110804
65.4497146606 48.3407440186 1.95078969002 6.89414596558 373.397796631 -0.111488
85.6256790161 60.929977417 1.83797550201 -3.80711507797 366.643096924 -0.0341366
71.5739135742 25.9801559448 1.50580847263 -1.71464061737 812.403808594 0.0884155
74.5420074463 45.221282959 1.69312500954 9.07612419128 378.276611328 -0.0332043
211.642318726 132.826156616 1.74379682541 317.974639893 702.733398438 0.173505
69.7279510498 56.728969574 1.43632459641 9.49105262756 353.725921631 0.0269133
47.3432121277 18.6340560913 1.61283135414 9.31691455841 787.384460449 0.0309012
42.2882385254 33.3049736023 1.65536749363 2.90729045868 341.4402771 -0.00543356
103.857780457 104.22681427 1.9598865509 198.56590271 755.355102539 -0.058651
76.1566772461 53.509475708 1.52572262287 7.91062831879 336.992797852 0.042543
157.305953979 129.220748901 1.92889165878 454.589660645 214.792999268 0.0563751
79.4829788208 44.7915039062 1.64486312866 1.99390888214 439.299102783 -0.0070295
49.9864845276 38.9118843079 1.5183596611 13.2778072357 308.233062744 -0.000993282
46.952671051 26.4834423065 1.58956480026 10.4383792877 723.17779541 0.0292281
72.6688919067 47.9567527771 1.69308257103 11.5135555267 381.509277344 -0.122913
55.9346084595 43.3015823364 1.43825793266 78.1014633179 894.429382324 0.169767
53.5802268982 34.0890235901 1.62315309048 4.98320388794 451.980285645 0.0247986
59.7643661499 31.7862873077 1.71022677422 18.7266235352 816.51953125 -0.0294175
90.1990127563 77.2946624756 0.900223135948 93.4372253418 894.826782227 0.048462
48.7049636841 19.379196167 1.89131379128 11.5640220642 787.847045898 -0.0141078
69.9020996094 40.6288108826 1.51763045788 -0.773798942566 449.259735107 0.127039
57.7503814697 31.2455005646 1.51310181618 10.7910995483 452.593963623 0.10332
61.5739173889 34.3911895752 1.56445264816 22.3540687561 820.909851074 -0.0405194
113.4972229 99.5498046875 1.52060842514 199.481765747 750.860778809 0.0607449
175.425979614 116.928329468 1.74061942101 334.899993896 703.72467041 0.0163041
211.289657593 147.398727417 1.36392116547 359.013671875 102.75730896 0.245443
101.304115295 64.2648849487 1.65326118469 246.050308228 361.965026855 -0.0333943
52.4627609253 31.8418464661 1.73929381371 -0.327339172363 430.685302734 -0.0704586
28.4401302338 11.4526357651 1.78852987289 7.22805023193 784.081176758 -0.0934523
55.0302352905 41.5625648499 1.50975441933 -1.34544277191 299.447479248 0.00405642
39.5368804932 23.8308143616 1.69411921501 11.4248409271 284.576477051 -0.0527925
69.9663009644 55.4928779602 1.37621200085 74.1190948486 895.124633789 0.145537
75.7676086426 49.1938247681 1.52631950378 4.47037506104 441.208343506 0.0350152
83.7887802124 41.3923797607 1.43771886826 14.127696991 455.428771973 0.0236136
280.609344482 147.309570312 1.62031042576 308.110534668 716.919006348 0.10402
125.509101868 80.4268341064 1.55271542072 267.6590271 345.885437012 0.0559633
64.2850570679 48.4100151062 1.55170047283 17.1442756653 275.902832031 -0.00158533
78.2564697266 40.8210220337 1.59473109245 16.0865211487 464.24118042 0.00172126
30.5077800751 11.1856231689 1.64955568314 11.2743644714 778.982299805 -0.0283523
55.9979438782 43.7766571045 1.52897250652 22.205821991 298.645812988 -0.0325032
109.92162323 95.5072021484 0.974858641624 92.53490448 880.893310547 -0.246054
106.616531372 63.6341133118 1.61615753174 260.284362793 353.255218506 -0.0644309
60.0054283142 27.1542053223 1.35280919075 -2.01717710495 723.140380859 0.17314
190.980300903 136.388778687 1.49791693687 367.088653564 107.721672058 0.270445
142.726364136 152.754333496 1.61849951744 188.161437988 747.200683594 0.0150309
73.7623062134 51.6377334595 1.49668049812 10.0896110535 292.689239502 0.0609208
52.3484611511 41.0840988159 1.52834713459 22.4328079224 275.639221191 -0.0301505
260.934814453 114.207351685 1.58293485641 299.977722168 718.876464844 0.0178913
39.9476165771 14.9339637756 1.65779685974 4.64990901947 780.827026367 0.0206325
203.441268921 134.622268677 1.4327763319 378.329284668 113.698051453 0.37538
69.2033004761 48.2835464478 1.28949570656 5.25445175171 267.405426025 0.0995947
88.4910888672 46.6317901611 1.50281906128 12.1764717102 466.973388672 0.0599047
78.3188095093 64.2472991943 1.50983202457 63.3982200623 891.686584473 0.145829
