111.0 204.0 93.0 70.0
130.0 212.0 72.0 58.0
119.0 207.0 82.0 63.0
324.0 70.0 62.0 51.0
322.0 76.0 60.0 47.0
138.0 214.0 67.0 53.0
320.0 70.0 73.0 55.0
117.0 201.0 96.0 68.0
325.0 72.0 53.0 47.0
123.0 211.0 74.0 63.0
327.0 78.0 50.0 39.0
798.0 86.0 76.0 68.0
806.0 92.0 72.0 54.0
325.0 64.0 69.0 56.0
108.0 200.0 97.0 84.0
804.0 94.0 69.0 59.0
323.0 79.0 52.0 42.0
801.0 90.0 80.0 61.0
114.0 206.0 82.0 74.0
801.0 93.0 69.0 49.0
330.0 76.0 44.0 39.0
315.0 71.0 69.0 55.0
809.0 95.0 62.0 50.0
799.0 88.0 69.0 59.0
325.0 81.0 47.0 34.0
101.0 195.0 105.0 97.0
789.0 85.0 76.0 63.0
125.0 205.0 81.0 61.0
313.0 66.0 78.0 63.0
316.0 74.0 60.0 50.0
321.0 77.0 51.0 40.0
794.0 80.0 88.0 76.0
326.0 78.0 45.0 46.0
807.0 91.0 78.0 66.0
134.0 209.0 69.0 55.0
319.0 65.0 84.0 61.0
806.0 95.0 62.0 43.0
309.0 69.0 70.0 59.0
119.0 215.0 73.0 63.0
323.0 78.0 47.0 34.0
797.0 90.0 86.0 72.0
814.0 94.0 63.0 49.0
788.0 85.0 86.0 77.0
324.0 76.0 44.0 52.0
797.0 94.0 66.0 45.0
102.0 196.0 91.0 88.0
105.0 206.0 93.0 83.0
125.0 210.0 66.0 58.0
795.0 88.0 64.0 54.0
110.0 212.0 83.0 73.0
305.0 67.0 82.0 67.0
783.0 83.0 82.0 74.0
206.0 182.0 59.0 48.0
778.0 81.0 93.0 85.0
323.0 72.0 50.0 54.0
312.0 78.0 62.0 49.0
316.0 81.0 56.0 42.0
803.0 96.0 58.0 39.0
200.0 173.0 79.0 65.0
144.0 213.0 65.0 50.0
113.0 218.0 74.0 64.0
126.0 214.0 62.0 60.0
307.0 75.0 71.0 58.0
201.0 179.0 63.0 55.0
198.0 170.0 74.0 63.0
784.0 83.0 73.0 61.0
136.0 206.0 73.0 62.0
192.0 167.0 86.0 73.0
769.0 76.0 100.0 95.0
193.0 174.0 76.0 63.0
201.0 164.0 74.0 65.0
130.0 203.0 83.0 59.0
59.0 366.0 102.0 94.0
770.0 83.0 91.0 82.0
317.0 67.0 58.0 63.0
322.0 79.0 44.0 54.0
193.0 177.0 67.0 56.0
319.0 72.0 51.0 60.0
140.0 208.0 68.0 52.0
792.0 92.0 65.0 46.0
209.0 187.0 52.0 43.0
322.0 70.0 58.0 59.0
29.0 359.0 126.0 100.0
188.0 179.0 74.0 60.0
301.0 72.0 81.0 65.0
199.0 185.0 60.0 50.0
105.0 216.0 83.0 73.0
68.0 363.0 91.0 88.0
654.0 286.0 128.0 132.0
46.0 363.0 108.0 100.0
59.0 351.0 94.0 98.0
797.0 96.0 58.0 38.0
674.0 293.0 115.0 108.0
98.0 207.0 87.0 83.0
788.0 86.0 63.0 53.0
189.0 173.0 66.0 62.0
151.0 214.0 62.0 47.0
657.0 300.0 114.0 114.0
58.0 364.0 91.0 88.0
685.0 285.0 105.0 109.0
31.0 377.0 125.0 94.0
25.0 356.0 132.0 120.0
676.0 289.0 130.0 107.0
761.0 81.0 101.0 93.0
668.0 300.0 126.0 110.0
796.0 90.0 56.0 45.0
51.0 344.0 100.0 112.0
190.0 184.0 66.0 52.0
688.0 278.0 113.0 122.0
650.0 274.0 145.0 147.0
662.0 291.0 137.0 128.0
204.0 189.0 54.0 44.0
793.0 94.0 57.0 39.0
802.0 94.0 50.0 38.0
136.0 200.0 81.0 58.0
36.0 373.0 116.0 87.0
149.0 208.0 64.0 49.0
762.0 78.0 52.0 50.0
54.0 369.0 90.0 90.0
763.0 79.0 44.0 46.0
757.0 71.0 108.0 109.0
184.0 180.0 68.0 57.0
64.0 360.0 87.0 83.0
765.0 78.0 55.0 53.0
781.0 82.0 63.0 55.0
777.0 83.0 70.0 61.0
772.0 84.0 47.0 40.0
657.0 281.0 157.0 145.0
760.0 80.0 42.0 44.0
766.0 82.0 49.0 43.0
767.0 80.0 56.0 46.0
686.0 284.0 128.0 124.0
668.0 280.0 113.0 113.0
790.0 87.0 56.0 47.0
306.0 83.0 67.0 50.0
765.0 76.0 65.0 58.0
41.0 359.0 110.0 90.0
667.0 286.0 129.0 101.0
661.0 309.0 107.0 97.0
324.0 78.0 51.0 55.0
771.0 79.0 65.0 57.0
26.0 368.0 118.0 95.0
790.0 93.0 56.0 37.0
667.0 301.0 108.0 101.0
771.0 81.0 55.0 49.0
797.0 95.0 50.0 34.0
339.0 168.0 59.0 66.0
758.0 81.0 53.0 44.0
650.0 304.0 91.0 94.0
16.0 350.0 132.0 120.0
777.0 83.0 55.0 47.0
206.0 192.0 48.0 38.0
653.0 313.0 108.0 98.0
763.0 74.0 62.0 54.0
639.0 295.0 155.0 131.0
775.0 87.0 49.0 37.0
631.0 318.0 103.0 89.0
678.0 278.0 140.0 115.0
99.0 220.0 83.0 74.0
783.0 85.0 55.0 47.0
668.0 311.0 121.0 109.0
342.0 164.0 54.0 62.0
179.0 177.0 70.0 65.0
334.0 166.0 59.0 65.0
788.0 88.0 52.0 42.0
157.0 212.0 59.0 44.0
775.0 82.0 55.0 42.0
743.0 75.0 116.0 111.0
333.0 171.0 63.0 67.0
780.0 88.0 49.0 38.0
670.0 288.0 98.0 112.0
654.0 308.0 98.0 95.0
39.0 361.0 103.0 99.0
647.0 315.0 98.0 87.0
349.0 160.0 50.0 61.0
199.0 188.0 54.0 44.0
783.0 90.0 51.0 35.0
648.0 291.0 99.0 101.0
672.0 299.0 94.0 93.0
757.0 71.0 68.0 62.0
791.0 92.0 48.0 35.0
644.0 261.0 166.0 164.0
324.0 173.0 70.0 68.0
35.0 346.0 117.0 100.0
665.0 303.0 143.0 126.0
327.0 168.0 63.0 67.0
53.0 356.0 90.0 93.0
90.0 212.0 91.0 84.0
655.0 282.0 181.0 161.0
673.0 310.0 92.0 90.0
336.0 176.0 65.0 66.0
156.0 204.0 62.0 49.0
670.0 277.0 122.0 101.0
346.0 175.0 58.0 64.0
669.0 316.0 107.0 98.0
648.0 306.0 135.0 115.0
196.0 192.0 56.0 44.0
661.0 295.0 160.0 142.0
181.0 185.0 67.0 54.0
30.0 352.0 108.0 117.0
656.0 318.0 113.0 102.0
10.0 336.0 147.0 138.0
637.0 323.0 103.0 91.0
343.0 161.0 49.0 58.0
335.0 163.0 53.0 61.0
753.0 85.0 102.0 94.0
319.0 168.0 72.0 78.0
679.0 308.0 91.0 101.0
664.0 300.0 92.0 102.0
649.0 324.0 105.0 86.0
672.0 326.0 111.0 95.0
327.0 177.0 71.0 69.0
660.0 285.0 100.0 109.0
29.0 357.0 112.0 93.0
189.0 190.0 61.0 48.0
322.0 164.0 63.0 73.0
163.0 212.0 56.0 41.0
682.0 302.0 79.0 86.0
319.0 174.0 78.0 78.0
202.0 195.0 48.0 37.0
685.0 277.0 147.0 136.0
133.0 -4.0 10.0 13.0
135.0 -4.0 10.0 13.0
343.0 178.0 62.0 70.0
132.0 -4.0 9.0 13.0
672.0 323.0 125.0 106.0
311.0 165.0 78.0 86.0
137.0 -5.0 9.0 14.0
139.0 -5.0 9.0 14.0
143.0 -6.0 8.0 15.0
145.0 -6.0 8.0 15.0
141.0 -5.0 9.0 14.0
130.0 -4.0 10.0 13.0
333.0 179.0 69.0 75.0
198.0 197.0 51.0 38.0
156.0 -11.0 13.0 24.0
148.0 -7.0 8.0 16.0
146.0 -7.0 8.0 16.0
164.0 205.0 58.0 45.0
46.0 345.0 89.0 111.0
128.0 -4.0 10.0 14.0
149.0 -8.0 8.0 17.0
754.0 65.0 69.0 62.0
309.0 176.0 88.0 84.0
127.0 -3.0 9.0 13.0
324.0 179.0 75.0 82.0
687.0 272.0 107.0 115.0
158.0 -12.0 13.0 25.0
125.0 -3.0 10.0 13.0
124.0 -3.0 9.0 13.0
122.0 -3.0 9.0 13.0
150.0 -8.0 9.0 18.0
338.0 158.0 49.0 58.0
740.0 86.0 112.0 106.0
192.0 196.0 55.0 42.0
151.0 -9.0 10.0 19.0
346.0 153.0 48.0 58.0
120.0 -3.0 10.0 13.0
26.0 366.0 107.0 87.0
41.0 360.0 90.0 91.0
689.0 308.0 73.0 95.0
118.0 -3.0 10.0 14.0
169.0 211.0 54.0 39.0
116.0 -3.0 10.0 14.0
152.0 -9.0 11.0 20.0
646.0 261.0 199.0 179.0
-1.0 -8.0 8.0 12.0
52.0 368.0 86.0 79.0
314.0 179.0 87.0 89.0
184.0 195.0 61.0 46.0
153.0 -10.0 11.0 21.0
303.0 176.0 101.0 97.0
671.0 319.0 140.0 119.0
154.0 -10.0 12.0 22.0
173.0 210.0 53.0 37.0
341.0 153.0 48.0 57.0
7.0 320.0 163.0 158.0
663.0 303.0 171.0 150.0
40.0 368.0 88.0 92.0
52.0 354.0 78.0 101.0
195.0 201.0 49.0 35.0
690.0 273.0 136.0 114.0
171.0 201.0 57.0 45.0
179.0 209.0 51.0 35.0
189.0 198.0 51.0 39.0
178.0 193.0 62.0 50.0
175.0 206.0 57.0 41.0
184.0 206.0 51.0 36.0
186.0 201.0 51.0 38.0
337.0 291.0 73.0 62.0
192.0 203.0 49.0 35.0
172.0 195.0 62.0 48.0
177.0 200.0 55.0 43.0
180.0 202.0 58.0 42.0
681.0 162.0 120.0 104.0
696.0 272.0 113.0 121.0
29.0 342.0 121.0 122.0
689.0 157.0 123.0 103.0
676.0 155.0 118.0 100.0
342.0 146.0 49.0 58.0
335.0 269.0 85.0 79.0
142.0 432.0 106.0 99.0
331.0 282.0 80.0 71.0
688.0 167.0 122.0 108.0
699.0 -6.0 20.0 26.0
25.0 369.0 97.0 78.0
697.0 -7.0 19.0 27.0
702.0 -6.0 20.0 26.0
695.0 162.0 128.0 109.0
326.0 269.0 85.0 81.0
704.0 -7.0 20.0 27.0
329.0 290.0 74.0 65.0
685.0 150.0 120.0 99.0
308.0 -7.0 31.0 29.0
708.0 -7.0 20.0 28.0
677.0 145.0 116.0 97.0
303.0 -7.0 31.0 29.0
143.0 424.0 110.0 98.0
711.0 -7.0 20.0 28.0
311.0 -7.0 32.0 29.0
300.0 -7.0 30.0 29.0
791.0 -5.0 15.0 27.0
789.0 -5.0 15.0 27.0
787.0 -5.0 14.0 26.0
315.0 -7.0 32.0 30.0
297.0 -8.0 30.0 30.0
785.0 -5.0 14.0 26.0
872.0 82.0 43.0 33.0
697.0 151.0 127.0 106.0
792.0 -5.0 17.0 28.0
294.0 -8.0 29.0 30.0
872.0 86.0 42.0 33.0
324.0 277.0 79.0 76.0
318.0 -7.0 33.0 31.0
794.0 -5.0 18.0 29.0
872.0 90.0 42.0 33.0
797.0 -5.0 20.0 30.0
783.0 -5.0 14.0 27.0
796.0 -5.0 18.0 29.0
343.0 -8.0 32.0 32.0
351.0 -8.0 31.0 31.0
354.0 -9.0 32.0 32.0
660.0 251.0 140.0 167.0
872.0 78.0 44.0 34.0
347.0 -8.0 32.0 31.0
325.0 265.0 76.0 81.0
337.0 -8.0 32.0 32.0
290.0 -8.0 29.0 30.0
365.0 -9.0 30.0 31.0
359.0 -9.0 30.0 31.0
801.0 -6.0 21.0 32.0
369.0 -10.0 29.0 32.0
670.0 277.0 122.0 134.0
330.0 -7.0 33.0 32.0
781.0 -5.0 14.0 27.0
322.0 -7.0 33.0 32.0
693.0 143.0 124.0 102.0
326.0 -7.0 33.0 32.0
142.0 413.0 122.0 113.0
428.0 -9.0 28.0 33.0
287.0 -8.0 28.0 30.0
714.0 -7.0 20.0 29.0
373.0 -10.0 29.0 32.0
872.0 73.0 45.0 35.0
432.0 -8.0 29.0 33.0
804.0 -6.0 23.0 33.0
873.0 95.0 40.0 33.0
779.0 -5.0 14.0 27.0
436.0 -8.0 29.0 34.0
440.0 -7.0 29.0 34.0
806.0 -7.0 23.0 35.0
685.0 140.0 119.0 97.0
688.0 298.0 94.0 104.0
27.0 346.0 107.0 99.0
326.0 261.0 69.0 78.0
420.0 -10.0 28.0 32.0
776.0 -5.0 15.0 28.0
283.0 -8.0 28.0 30.0
264.0 -7.0 30.0 32.0
872.0 69.0 46.0 35.0
424.0 -10.0 28.0 33.0
444.0 -7.0 30.0 35.0
695.0 303.0 81.0 95.0
318.0 270.0 79.0 79.0
260.0 -7.0 31.0 33.0
449.0 -6.0 31.0 37.0
774.0 -6.0 14.0 29.0
278.0 -8.0 28.0 30.0
873.0 100.0 40.0 32.0
317.0 258.0 75.0 86.0
717.0 -8.0 22.0 31.0
24.0 339.0 121.0 110.0
677.0 134.0 114.0 93.0
274.0 -8.0 28.0 31.0
255.0 -8.0 32.0 35.0
700.0 306.0 59.0 85.0
772.0 -6.0 14.0 29.0
22.0 331.0 134.0 128.0
250.0 -8.0 34.0 36.0
453.0 -5.0 32.0 38.0
872.0 65.0 47.0 35.0
